-0.0515175260 0.7216843060 0.8270690345
-0.0515175258 0.7212425516 0.8266989421
-0.0515175246 0.7212234611 0.8266829526
-0.0515169627 0.7161431854 0.8223752975
-0.0515156667 0.7127779593 0.8195245926
-0.0515130807 0.7086493198 0.8160535844
-0.0514810640 0.6696500753 0.7779999341
-0.0515175231 0.7208954588 0.8264081552
-0.0515175218 0.7208763683 0.8263921657
-0.0515169600 0.7157960926 0.8220845106
-0.0515169038 0.7155268794 0.8218589695
-0.0515156640 0.7124308665 0.8192338057
-0.0515155823 0.7122668031 0.8190963569
-0.0515149039 0.7109296501 0.8179715285
-0.0515148222 0.7107655867 0.8178340797
-0.0515130780 0.7083022270 0.8157627975
-0.0515114784 0.7064154602 0.8141629747
-0.0514810612 0.6693029826 0.7777091472
-0.0514791115 0.6678017662 0.7764468700
-0.0514789475 0.6676930185 0.7763557870
-0.0514783222 0.6672442285 0.7759780720
-0.0514456309 0.6439049824 0.7550662594
-0.0515114558 0.7063908470 0.8141423597
-0.0514810386 0.6692783695 0.7776885322
-0.0514790888 0.6677771531 0.7764262550
-0.0514789249 0.6676684054 0.7763351720
-0.0514462450 0.6443291594 0.7554233593
-0.0514782996 0.6672196153 0.7759574570
-0.0514781356 0.6671108676 0.7758663740
-0.0514456082 0.6438803693 0.7550456444
-0.0514454558 0.6437716216 0.7549545614
-0.0514439529 0.6428567529 0.7541853066
-0.0514438207 0.6427904801 0.7541297989
-0.0514437365 0.6427500922 0.7540959716
-0.0515175076 0.7208613687 0.8263796025
-0.0515169458 0.7157810930 0.8220719474
-0.0515168896 0.7155118798 0.8218464063
-0.0515156498 0.7124158669 0.8192212426
-0.0515155681 0.7122518034 0.8190837937
-0.0515148897 0.7109146504 0.8179589654
-0.0515130638 0.7082872273 0.8157502344
-0.0515114643 0.7064004605 0.8141504116
-0.0514810470 0.6692879829 0.7776965840
-0.0514790973 0.6677867665 0.7764343068
-0.0514789333 0.6676780188 0.7763432238
-0.0514462535 0.6443387728 0.7554314112
-0.0514783080 0.6672292288 0.7759655089
-0.0514456167 0.6438899828 0.7550536963
-0.0515114416 0.7063758474 0.8141297965
-0.0514810244 0.6692633698 0.7776759690
-0.0514790746 0.6677621534 0.7764136918
-0.0514789107 0.6676534057 0.7763226088
-0.0514463833 0.6444229074 0.7555018792
-0.0514462309 0.6443141597 0.7554107962
-0.0514782854 0.6672046157 0.7759448938
-0.0514781214 0.6670958680 0.7758538108
-0.0514455940 0.6438653697 0.7550330812
-0.0514454416 0.6437566220 0.7549419982
-0.0514439388 0.6428417532 0.7541727434
-0.0514438066 0.6427754804 0.7541172358
-0.0514437223 0.6427350925 0.7540834084
-0.0514391555 0.6398983376 0.7516691101
-0.0514110090 0.6246513579 0.7380647314
-0.0514089892 0.6237167820 0.7372817637
-0.0514088689 0.6236505092 0.7372262560
-0.0514086944 0.6235842364 0.7371707484
-0.0514391328 0.6398737245 0.7516484951
-0.0514389804 0.6397649768 0.7515574121
-0.0514374776 0.6388501080 0.7507881573
-0.0514373454 0.6387838352 0.7507326496
-0.0514109863 0.6246267448 0.7380441163
-0.0514108661 0.6245604720 0.7379886087
-0.0514086718 0.6235596232 0.7371501333
-0.0514109021 0.6245863569 0.7380102890
-0.0514088823 0.6236517810 0.7372273213
-0.0514107818 0.6245200841 0.7379547813
-0.0514087621 0.6235855082 0.7371718136
-0.0513765206 0.6107369179 0.7260866216
-0.0513763583 0.6106706451 0.7260311140
-0.0513761815 0.6106080109 0.7259786261
-0.0513760192 0.6105417381 0.7259231185
-0.0513742510 0.6099721905 0.7254459636
-0.0513451467 0.6021420246 0.7186904450
-0.0513450016 0.6021016368 0.7186566176
-0.0513428703 0.6015320891 0.7181794628
-0.0513415308 0.6012253842 0.7179225033
-0.0513413857 0.6011849964 0.7178886759
-0.0513413921 0.6012007711 0.7179018883
-0.0513412470 0.6011603833 0.7178680609
-0.0514103628 0.6244398333 0.7378875205
-0.0514083431 0.6235052574 0.7371045528
-0.0514082228 0.6234389845 0.7370490452
-0.0514103402 0.6244152201 0.7378669055
-0.0514102199 0.6243489473 0.7378113979
-0.0513757964 0.6104995083 0.7258877305
-0.0514102560 0.6243748323 0.7378330781
-0.0514082362 0.6234402564 0.7370501104
-0.0514101357 0.6243085594 0.7377775705
-0.0514081159 0.6233739835 0.7369946028
-0.0513758745 0.6105253933 0.7259094108
-0.0513757122 0.6104591204 0.7258539032
-0.0513755354 0.6103964863 0.7258014153
-0.0513753731 0.6103302134 0.7257459076
-0.0513736049 0.6097606658 0.7252687528
-0.0513714736 0.6091911181 0.7247915980
-0.0513713158 0.6091507303 0.7247577706
-0.0513445006 0.6019305000 0.7185132341
-0.0513443555 0.6018901121 0.7184794068
-0.0513422241 0.6013205645 0.7180022519
-0.0513408847 0.6010138596 0.7177452924
-0.0513407396 0.6009734717 0.7177114651
-0.0513099979 0.5944235448 0.7121576669
-0.0513407459 0.6009892465 0.7177246774
-0.0513406008 0.6009488586 0.7176908500
-0.0513098591 0.5943989317 0.7121370518
-0.0513397555 0.6007619470 0.7175342542
-0.0513090138 0.5942120202 0.7119804560
-0.0513088751 0.5941874070 0.7119598410
-0.0512827863 0.5894155608 0.7078429044
-0.0512807769 0.5890684681 0.7075521176
-0.0512806760 0.5890534684 0.7075395544
-0.0512685280 0.5869829793 0.7057802757
-0.0512665187 0.5866358865 0.7054894889
-0.0512664178 0.5866208869 0.7054769257
-0.0512368266 0.5826292417 0.7020923395
-0.0506825412 0.5187708221 0.6223090672
-0.0506558399 0.5147791770 0.6189244810
-0.0506542487 0.5145676523 0.6187472702
-0.0512655790 0.5865069795 0.7053814933
-0.0512654781 0.5864919799 0.7053689302
-0.0512358870 0.5825003347 0.7019843440
-0.0506549003 0.5146502700 0.6188164855
-0.0506533091 0.5144387453 0.6186392746
-0.0512577779 0.5854563594 0.7044976996
-0.0512576770 0.5854413597 0.7044851365
-0.0512280858 0.5814497145 0.7011005503
-0.0506470991 0.5135996498 0.6179326918
-0.0506455079 0.5133881251 0.6177554809
-0.0512568383 0.5853274524 0.7043897041
-0.0512567374 0.5853124527 0.7043771409
-0.0512271462 0.5813208075 0.7009925548
-0.0506461595 0.5134707428 0.6178246963
-0.0506445683 0.5132592181 0.6176474854
-0.0506149196 0.5100832437 0.6149770109
-0.0500916318 0.4598020750 0.5659149832
-0.0505948611 0.5081477468 0.6133495750
-0.0500715733 0.4578665781 0.5642875472
-0.0497033806 0.4272243147 0.5343882505
-0.0496754576 0.4252888178 0.5327608145
-0.0492136912 0.3951978613 0.5057995132
-0.0491891224 0.3938781273 0.5046902920
-0.0491872369 0.3937926827 0.5046187268
-0.0488153185 0.3756803551 0.4883770141
-0.0488131717 0.3755401483 0.4882595821
-0.0488135655 0.3755949105 0.4883054489
-0.0488114188 0.3754547036 0.4881880169
-0.0491800460 0.3934400619 0.5043219508
-0.0488040953 0.3751020829 0.4878912409
-0.0487777583 0.3738971476 0.4868817718
-0.0497031202 0.4272049758 0.5343720530
-0.0496751973 0.4252694789 0.5327446170
-0.0492134309 0.3951785224 0.5057833157
-0.0492112841 0.3950383156 0.5056658837
-0.0491910088 0.3939989953 0.5047915265
-0.0491888621 0.3938587884 0.5046740945
-0.0491869765 0.3937733438 0.5046025293
-0.0488150581 0.3756610163 0.4883608166
-0.0488129114 0.3755208094 0.4882433846
-0.0488133052 0.3755755716 0.4882892514
-0.0488111584 0.3754353648 0.4881718194
-0.0487848214 0.3742304294 0.4871623503
-0.0491797857 0.3934207230 0.5043057532
-0.0488038350 0.3750827440 0.4878750433
-0.0487774980 0.3738778087 0.4868655743
-0.0488020821 0.3749972994 0.4878034781
-0.0487757450 0.3737923641 0.4867940091
-0.0483636486 0.3572268602 0.4725020294
-0.0483615693 0.3571414155 0.4724304642
-0.0487584623 0.3730735386 0.4861895946
-0.0483463659 0.3565080347 0.4718976149
-0.0483442866 0.3564225901 0.4718260497
-0.0483448457 0.3564559632 0.4718540018
-0.0483427663 0.3563705186 0.4717824365
-0.0480417168 0.3453325351 0.4618844399
-0.0480396374 0.3452470904 0.4618128747
-0.0480403338 0.3452804636 0.4618408267
-0.0480382544 0.3451950189 0.4617692615
-0.0479869637 0.3436743281 0.4604952706
-0.0476181940 0.3336310787 0.4518290900
-0.0476163278 0.3335790072 0.4517854769
-0.0480386689 0.3452153571 0.4617862960
-0.0479893852 0.3437467378 0.4605559182
-0.0480372859 0.3451632856 0.4617426829
-0.0480140583 0.3444289760 0.4611274940
-0.0479880021 0.3436946663 0.4605123051
-0.0476432817 0.3343336550 0.4524177003
-0.0476172255 0.3335993454 0.4518025114
-0.0472482669 0.3251546182 0.4446420787
-0.0476414154 0.3342815835 0.4523740871
-0.0476153592 0.3335472739 0.4517588982
-0.0472464006 0.3251025467 0.4445984655
-0.0476133258 0.3334980613 0.4517176577
-0.0472443672 0.3250533342 0.4445572251
-0.0476114595 0.3334459898 0.4516740446
-0.0472425009 0.3250012627 0.4445136119
-0.0472221667 0.3245537609 0.4441387046
-0.0468874667 0.3184014878 0.4388307970
-0.0468857981 0.3183697545 0.4388042184
-0.0468612880 0.3179222527 0.4384293110
-0.0468458843 0.3176812703 0.4382274143
-0.0468442156 0.3176495370 0.4382008356
-0.0464906856 0.3125031659 0.4338371370
-0.0468426201 0.3176301981 0.4381846381
-0.0468328991 0.3174833391 0.4380615985
-0.0464793692 0.3123369679 0.4336978999
-0.0461777523 0.3085683213 0.4304469665
-0.0461546443 0.3082956056 0.4302184911
-0.0457940839 0.3042008672 0.4267754866
-0.0461534840 0.3082838201 0.4302086201
-0.0398923822 0.2617780226 0.2654262356
-0.0398758851 0.2613305209 0.2650513282
-0.0395342676 0.2528857937 0.2578908955
-0.0395327258 0.2528540604 0.2578643169
-0.0395233324 0.2526130780 0.2576624201
-0.0392318787 0.2464290715 0.2523279339
-0.0392095494 0.2459815698 0.2519530266
-0.0392084281 0.2459622309 0.2519368291
-0.0388795962 0.2408158598 0.2475731305
-0.0327201000 0.1584841118 0.1447096972
-0.0324233818 0.1533377407 0.1403459986
-0.0324056993 0.1530650249 0.1401175232
-0.0320762277 0.1489702865 0.1366745186
-0.0262611920 0.0841434940 0.0734195471
-0.0259508982 0.0816480855 0.0713213171
-0.0208195189 0.0428522452 0.0365604966
-0.0207956632 0.0426714785 0.0364090932
-0.0205029928 0.0411179726 0.0351075991
-0.0159235716 0.0197603051 0.0166811539
-0.0159004648 0.0196501426 0.0165888859
-0.0156109151 0.0187034076 0.0157957316
-0.0115108627 0.0078157415 0.0065638881
-0.0075041355 0.0025364538 0.0021248714
-0.0071960981 0.0023033938 0.0019296692
-0.0035751123 0.0003004808 0.0002516715
